.Random.seed <-
c(403L, 1L, 2085088349L, -796298668L, -622909318L, 1608362949L, 
45301023L, 1334406310L, -951345616L, 866411731L, 8391409L, 1407990304L, 
1074429118L, 2072045769L, 1579457147L, 56111178L, 833364140L, 
-852879441L, -1941265563L, -1812735716L, 4546930L, 1631314413L, 
1425737255L, -992008626L, 547785384L, 1429145771L, -532254263L, 
617405912L, 548981894L, -272322207L, -1426041613L, -247874718L, 
-349358636L, -1928281897L, -362007859L, 1840403044L, 1792632906L, 
-1450811979L, 313090319L, -589316586L, -1772250944L, -1003180413L, 
900467361L, -1153639280L, -1859897490L, 1510609177L, -2060635733L, 
228724634L, -1830502564L, 1512558175L, 631881269L, 805649868L, 
842882338L, -1573402755L, -710894473L, -1732673122L, 96598104L, 
-1888401989L, 274705241L, 196212968L, 132765974L, 67512977L, 
1416611651L, -150842798L, 9925860L, -156451033L, 278575997L, 
-1008648588L, -974372774L, 118003877L, 1502857919L, 753070406L, 
1627809744L, 661688819L, -157025007L, -693307072L, 1796147486L, 
2129063401L, 563011355L, -2039314134L, -1632419252L, -1068368369L, 
-1348644539L, 1221434108L, 1188704594L, -474720563L, 946687623L, 
708065646L, 1756279624L, -1266112693L, -1799262551L, 1484493816L, 
1500564262L, 1862196289L, 1959751123L, 513736578L, -17419340L, 
-1384887497L, -1762670035L, 627485508L, 1739866218L, 1045027541L, 
860554351L, 1588215158L, -1972705632L, 1089168227L, 1927940097L, 
-220810384L, -564937970L, -995428999L, 674337035L, -327232966L, 
2121402684L, -1256700289L, 2069499349L, -44792852L, 2125731138L, 
848218781L, -70965481L, -1284553090L, 1622566456L, 1227628827L, 
661128825L, 984629960L, -1252453642L, 348625713L, 1808231267L, 
1425244466L, -696810876L, 2112237255L, -1690798691L, 75227412L, 
-1217310790L, -1848079867L, 1952234463L, 1247310438L, 318795248L, 
-1482687725L, -470973263L, 1952421728L, -1355123458L, -249310071L, 
-397257797L, 687390090L, 796941420L, -1624558097L, 41651749L, 
-1773565220L, 581656754L, 925758381L, -444979353L, -1380789106L, 
1708151144L, 2099990891L, -1364155639L, 611833240L, -1129225018L, 
-1787716063L, -65831245L, 2100962338L, 424025620L, -2125524329L, 
1402457229L, -517619292L, -306402422L, -2075228171L, -1043364273L, 
298369366L, -248116224L, -884701885L, 347941089L, 60850768L, 
1548164782L, 1074154073L, -34483605L, -536053798L, 1252292764L, 
911948447L, 1255528693L, -405192308L, 783772770L, 1630207037L, 
302272183L, 793554270L, -347261800L, -198123525L, -2128624231L, 
1295439400L, 189173462L, -1465668783L, -1839239677L, 1031573906L, 
1495027492L, 397353447L, 1040895549L, 1775796L, 1055764250L, 
234161253L, 987417855L, 207240582L, 1400419088L, 684181427L, 
1254091857L, 221302784L, 102596830L, 202767145L, -189987109L, 
996095466L, -486351476L, -1264692529L, 476417669L, -881906372L, 
667545618L, -1092894963L, 1371012167L, -1753575890L, -742107256L, 
195437195L, 2119832681L, -1657759688L, -1865838362L, 2018474113L, 
-995663853L, 1447143362L, -1649770380L, 1853798007L, 1241687917L, 
1177524228L, 2115605290L, 1088372122L, 1397741008L, -548605508L, 
-705729900L, 1303156354L, -181290560L, -1469120708L, -1388018032L, 
861442850L, -1796116984L, 422188812L, -1834475620L, 723601426L, 
-1986964608L, 212844308L, 1050253608L, -197572550L, 165488592L, 
99770988L, -1712892876L, 1962204306L, 139838816L, 188182860L, 
-978128416L, -1432713310L, -602165336L, 528063628L, 1479252924L, 
-2025152398L, 314594288L, -1507848124L, 401019992L, -1517823942L, 
-1855303568L, 958818876L, 1212422932L, 757280450L, 1917542112L, 
-1640344452L, 276586704L, 338883490L, 1438769704L, -2023621364L, 
-1467044932L, -1022743246L, -755755840L, -957473228L, -1154287928L, 
1383329466L, -1988802416L, 444336876L, 1588179540L, -765454702L, 
110160672L, 223718348L, 1826653408L, 2037877442L, -221544408L, 
1608156076L, -897875268L, 1200885234L, 983019056L, 1259268004L, 
1175528888L, 333588314L, 423856272L, -1839217796L, -980493548L, 
517456194L, -1476644096L, 862156732L, -749239472L, -901640926L, 
1710663240L, 1633716236L, -503048100L, 100966866L, 1851425280L, 
-503039660L, 840729832L, -1812128518L, -1693786416L, 707867948L, 
290855156L, 560668050L, -1671360160L, 1864970252L, 1106413280L, 
-1370191262L, -1442666840L, 1246721612L, -739941508L, 507237682L, 
-1951779216L, -382211260L, 1129452504L, -328913030L, -1470625232L, 
409541564L, -1702690220L, 252961858L, -250068832L, -1755067716L, 
-95261232L, 679966562L, 1398016744L, -870697780L, 760528380L, 
277506546L, 1179805312L, 839132660L, 195097224L, 1191964474L, 
2103177040L, 861150316L, -1383410284L, -685239214L, 313948640L, 
1407315148L, -902285152L, 563755394L, -1097922328L, -1916048660L, 
-1196272324L, 1476842610L, -904795024L, -142183388L, -905576392L, 
-447302886L, -1205631792L, -421936324L, 930181012L, 1317566338L, 
-1535795776L, 2101375548L, 341154192L, -1763696094L, -22938360L, 
-817528180L, 1413826332L, -1223305070L, -931886720L, 1630726676L, 
150713128L, 293641786L, 12403152L, 2045183340L, -854418508L, 
-2013590510L, 681826784L, 689978316L, -1733273376L, -1833332702L, 
-2091037400L, -1721307636L, 101272380L, -1963088910L, -537465104L, 
1238626884L, 152694360L, 770175802L, 1257972208L, -2046968132L, 
35753236L, -452176190L, -1171105696L, -255596676L, 672328656L, 
959663394L, -1050847576L, 570010508L, -1895482180L, -79108302L, 
1180367424L, 243097780L, -1352013240L, 1332874682L, 1549279760L, 
1441494764L, -393595564L, 1288336658L, -1449772640L, -1603070260L, 
1743498848L, -323388478L, -1867355352L, 100432812L, 1309466428L, 
-782795406L, -1919848656L, 419820836L, -743677128L, 1909563098L, 
-1078908016L, 171924220L, -1381227628L, 1491804226L, -1024483072L, 
1500396604L, -112290480L, 1074024610L, -908475064L, 246172428L, 
-1667847460L, -1808666286L, -275076992L, -2057860012L, 1959027688L, 
633453818L, 602701648L, 1307760428L, 1581882740L, 1566023570L, 
384105568L, -924260980L, -1418308768L, 1808594402L, 283739048L, 
-333371188L, -292006916L, -1472331342L, -1390391824L, -1622941756L, 
-1189377704L, 670653818L, -2018097232L, 9682364L, -565354149L, 
845477181L, 1734748074L, -1151246264L, -1652295567L, -1940908573L, 
1685180644L, -616449006L, -352692249L, -1332756559L, -1144000010L, 
-230982636L, -2018155739L, -139627473L, -1636194840L, 76288710L, 
175889267L, 1411285973L, -1241953358L, -967881344L, -1855793815L, 
468736475L, -747585236L, -708959430L, 541187567L, -1841993607L, 
-987909362L, 962283228L, 29177165L, 1759406263L, 1901572672L, 
896903966L, 519098859L, -992920211L, -1198324774L, 84690328L, 
-1704506367L, 2114416051L, 1841411284L, 1663458L, -1910948745L, 
439034305L, 817101638L, -26089852L, 1955999797L, -716201953L, 
1907918712L, -400179626L, -1953991965L, -2114538331L, -1027596990L, 
792062768L, 256446297L, 1796080843L, -566422212L, 288604522L, 
-1572893793L, -1163934167L, -2545474L, -798510676L, -1801449731L, 
1092205127L, -297715408L, 302613070L, -1965987205L, 548231645L, 
494727178L, -1077980888L, -1607217263L, -1682218621L, -1665433980L, 
-349528910L, 1710865415L, 1134192721L, -1579583530L, -2130635084L, 
-2068142395L, 506746895L, 954919048L, 24172966L, 19136851L, -1859669323L, 
-763598830L, 245590496L, -2025964471L, -751842693L, -1472113844L, 
270178010L, 1488833231L, -342394215L, -299428178L, -223214660L, 
-997106643L, -734153769L, 1945754144L, 1595276158L, 1080436043L, 
-1517729971L, -26817158L, -1514762312L, -1306987167L, -1727575789L, 
1885380916L, -1632896190L, -291816617L, 1657076385L, 681548646L, 
960763236L, -1677959019L, 2129916351L, -832584360L, 1692416886L, 
-182257277L, 412097477L, -1106263838L, -2112506544L, 359584889L, 
1480009643L, -750514916L, -1479603638L, -136237505L, -655326583L, 
206202526L, -650366132L, -1046097123L, -208182617L, 441878992L, 
-800423570L, 1333062683L, -280140419L, 960295786L, 724633096L, 
-653411663L, -253049565L, -800557532L, 1993604306L, 300809511L, 
-1102915727L, 2143753654L, 1003183444L, 141941733L, -1897175569L, 
-507859672L, 2017148294L, -1466484301L, 1691800853L, -711551118L, 
-694897728L, 470021161L, 1067557019L, -158790292L, -786631302L, 
